Entrez GeneId
10006
25
27
57007
2181
90
92
4301
4299
3899
27125
207
208
238
139285
324
9582
367
23092
23365
8289
57492
196528
405
79058
171023
466
471
472
476
492
545
546
8312
8313
567
8314
580
581
8915
53335
64919
596
602
604
605
607
283149
54880
63035
613
330
641
657
673
672
675
8019
23476
83990
694
695
701
776
811
23261
124583
84433
833
841
863
865
867
868
23624
8030
57820
595
894
896
898
29126
972
973
974
79577
999
1009
51755
1019
1021
1027
1029
1031
1045
1050
79145
1108
11200
23152
4261
6249
1213
8218
7555
4849
11064
1277
1280
1385
90993
64764
1387
64109
23373
64784
1441
10664
1499
1523
7852
1540
1616
1639
1643
1649
4921
1662
1654
1655
1656
7913
23405
3337
1785
1788
29102
1879
1956
3646
1974
2000
2005
8178
27436
2033
2034
2060
2064
2065
2066
23085
2068
2071
2072
2073
2078
2099
55500
2115
2118
2119
2120
2130
2131
2132
2146
7430
2175
2176
2177
2178
2188
2189
355
2195
79633
80204
55294
2213
83417
2242
54738
2260
11116
2263
2261
2264
2271
2272
81608
201163
2313
2322
2324
3169
668
2308
2309
4303
27086
10272
8880
2521
8522
2623
2624
2625
2767
2776
2778
9950
57120
2719
10243
2903
3020
3021
9709
23462
3091
3092
8358
8294
3105
3131
3159
8091
6927
3181
84376
3207
3209
3205
3227
3229
3237
3239
3265
3320
3326
3417
3418
3492
50802
3535
3551
10320
3558
50615
3572
3575
3662
8471
3702
3716
3717
3718
3725
7994
23522
3762
5927
8242
7403
3791
2531
9817
3799
3815
9314
1316
3817
4297
58508
8085
57082
3845
3895
3927
9113
26524
3932
51176
3977
4000
4004
4005
4026
121227
53353
4066
8216
4094
9935
10892
84441
5604
5605
6416
4214
9175
5594
4149
4193
4194
2122
9968
4221
4233
4286
4291
4292
4298
8028
10962
4300
4302
4330
4352
57591
4436
2956
124540
4478
4515
2475
4582
4595
4602
4609
4610
4613
4615
4629
4627
4644
4654
4665
4683
8648
10499
8031
9611
9612
10397
4763
4771
4773
4780
4781
4791
4794
51199
7080
4841
4851
4853
4869
8013
4893
3084
64324
7468
54904
22978
4914
4916
4926
8021
4928
256646
729262
728130
10215
286530
5049
79728
23598
5077
5079
5081
7849
55193
5087
5108
80380
9659
5155
5156
5159
5187
84295
8929
8301
5290
5291
5295
5292
5324
5335
5371
5395
5424
5426
10721
25913
5450
5460
5468
8496
8493
5518
5537
5546
639
63976
80243
5551
5566
5573
5396
11168
5727
5728
5753
5781
5783
5787
5788
5796
11122
9444
9135
5879
5885
5890
5894
5903
5910
5914
5925
8241
64783
9401
5966
5979
387
399
116028
57674
54894
6098
6134
6146
6125
6184
340419
84870
861
862
57167
51119
6385
6389
54949
6390
6391
6392
6418
26040
29072
23451
6421
6424
10019
6455
6495
10568
85414
4087
4088
4089
6597
6598
6602
6605
6608
27044
8651
6657
23013
8405
6714
6427
6428
6760
26039
6756
6757
6759
10735
6774
6777
6778
6491
6794
6801
51684
23512
6850
8148
6886
6887
79718
6926
6917
6938
6929
6934
8115
54855
7015
80312
54790
7030
7942
10342
7048
3195
30012
55654
7113
7128
8764
608
7150
7157
8626
7170
7171
7175
6955
84231
6957
6964
8805
5987
51592
9321
8295
7248
7249
7253
7307
51366
9098
9101
7428
7454
80304
11197
7486
7490
25937
7507
7508
7514
7531
7704
463
7750
55422
171017
25925
8233
Gene ID
53947
79719
16
57505
10157
18
8647
6833
215
64240
64241
26090
29
84142
27034
34
36
37
65057
51
54
197322
2182
59
60
70
94
51816
8754
11093
170691
170692
9509
9719
9289
84059
23394
158
2334
175
55750
10555
375790
183
186
189
191
27245
54806
57379
9255
208
10000
210
220
224
8659
7915
226
56052
79087
85365
29929
238
7840
57679
60529
268
81693
27329
287
29123
22852
203286
3730
118429
8905
10717
11154
324
338
344
351
367
372
10564
383
57514
50649
9459
8289
57492
196528
84100
23204
410
414
415
170302
427
55870
435
443
444
259266
23245
171023
55252
80816
85300
22926
472
57194
23400
487
9914
10159
23545
50617
529
538
540
51761
91647
545
546
26053
554
8313
148789
126792
2683
11285
27077
9531
8314
580
166379
129880
55212
590
594
10295
53335
10018
9774
54880
613
617
274
641
29760
168667
657
659
670
54928
9083
673
221927
675
83990
254065
7809
686
695
83636
713
157657
771
763
767
51475
57010
773
775
779
93664
815
816
23261
124583
825
79092
843
845
846
54897
117155
865
867
875
220082
57545
147372
388389
339829
55036
83987
8838
22948
930
939
948
915
916
917
959
966
925
146059
9578
999
1013
64072
92211
84529
1019
55755
1021
6792
1027
1028
81620
9085
1053
55835
401541
22897
80184
84131
204219
220136
1675
1073
1080
283489
1103
9557
1106
55636
57680
11200
1120
1121
5119
91851
1131
1139
4166
22856
23152
63924
23529
1183
1184
1187
1188
23562
79827
1201
2055
116449
8192
7401
1258
22866
26504
4849
1272
6900
152330
27255
26047
9382
25839
91949
84342
1301
1307
1277
1278
1280
1281
1285
1287
1289
256076
1297
1298
78989
8292
27235
11151
1352
84987
1355
116228
1340
1356
51200
57094
65250
1369
1373
1374
8738
1387
1394
9419
1399
729920
10491
1411
1415
1420
1438
1439
64478
79848
1476
80169
9150
1491
29119
1499
1497
1508
8029
8450
1528
1536
1540
1589
1591
1593
64816
126410
285440
728294
55157
1617
1621
1629
8642
64421
1641
51181
1643
80821
1650
1654
8526
1716
1717
1723
90957
23405
23181
9077
129563
27185
84976
1736
1740
1741
9228
8788
28514
1745
1746
1749
1750
1756
1758
10655
23312
123872
8701
1767
27019
64446
10049
134218
54943
9829
1773
1788
85440
81704
285489
1798
8813
54344
1804
1806
1807
1816
1824
1825
1826
29940
1829
147409
1834
54808
79659
55112
1859
124454
10682
1896
1910
124989
1947
9343
1959
79813
9451
1967
8891
9775
1993
2002
2006
162699
2020
2022
2027
5167
2033
2038
4072
7957
2059
2067
2068
2071
2073
375748
1161
2077
55780
157570
83715
2109
2110
132884
344191
64789
51010
23086
2131
2132
2138
2070
346007
2159
2162
2165
2153
2155
2157
2158
79152
8772
2184
84140
56975
22909
2175
2187
2176
2177
2178
2188
2189
55215
10667
2200
2203
25793
23291
6468
2245
121512
2255
2248
2260
2261
53834
2271
2272
55033
201163
2312
2316
2317
2318
55640
2327
2332
2348
2296
2303
2304
2301
2294
2290
668
27086
93986
55572
158326
90167
2488
10841
2512
24140
2395
79443
8322
92579
2548
128954
2554
2562
2566
2581
2584
2588
79695
2591
2587
2592
2593
8139
2623
2624
2625
2626
2627
57798
57459
2629
57704
2632
2639
2643
2653
2658
8200
2664
348654
2671
85476
26058
126326
2697
2702
2703
2706
10804
2710
2717
2720
2731
2736
2737
169792
11146
2743
2752
29926
2773
2778
2782
8443
2796
2799
84559
92344
2812
51206
2719
2262
10082
2819
10243
338328
344561
440435
29899
2879
2887
26585
9380
2892
2894
2898
2903
2904
116444
23426
2911
2916
389207
404672
2969
9569
84163
9626
2984
2990
2998
3008
283120
9563
3039
3040
9759
55869
3074
3077
164045
3082
138050
7290
3097
59269
148738
3141
3145
6928
3190
3239
3235
3248
3251
3257
84343
60495
3265
3028
345275
3293
3295
80270
3339
3347
10075
219844
57061
3423
3425
9742
11020
112752
3480
3481
3482
3508
3543
8517
3587
23765
11141
50615
3559
3612
56623
3630
23096
51135
3664
83737
3675
3689
3690
3702
6453
389434
182
83700
3720
23189
284058
3735
7994
23522
83473
3757
3758
51305
3784
10984
3785
169522
154881
10765
8242
7403
23135
11081
154288
3832
547
10749
374654
26128
3814
136259
11279
43849
4297
9757
58508
8085
3845
192666
8688
3897
26013
284217
3908
3909
3918
3920
9215
3930
10660
167691
3938
23592
3953
3954
3955
8022
89884
3981
3984
55180
3988
9516
3998
64327
4000
4001
114783
4010
125336
10161
9663
9227
987
4036
4043
10128
23639
4047
90624
1130
9935
54551
10892
4125
4128
5604
5605
4214
4137
153562
10747
4148
4149
55777
4158
56922
84693
90411
79648
4204
9968
23389
4208
4210
55384
4221
4232
4233
124512
9258
9927
83552
256471
4256
4281
11043
4286
8195
23209
79083
23417
166785
326625
25974
27249
4594
3110
4338
4343
8777
136647
4437
2956
253827
4487
4507
123263
4524
4534
8898
25821
4548
4552
4547
4595
4607
4613
4628
4629
4625
4633
4634
4638
51168
4643
53904
4644
4645
23040
80155
254827
339983
51594
26960
4683
653361
4688
4689
10787
54820
4692
4693
10397
4694
4705
51103
91942
79133
4709
4724
4726
374291
4728
4723
4729
10529
4739
4747
4750
7469
340533
4763
4771
4774
55768
55651
4810
123606
81614
25836
1482
579
22871
54413
4826
4838
9241
4853
4864
4867
261734
4868
4885
190
7026
4306
2516
10718
9378
64324
50814
123803
4913
25961
55998
60506
4942
23363
4948
100506658
4952
8481
4983
390445
5000
23594
114879
28962
5009
146183
9381
283310
161725
5015
5019
64175
5048
5053
5062
5063
11315
5075
5076
5077
5080
5083
5087
5091
388939
5095
65217
57526
5101
9708
255738
5130
5144
5146
5160
8050
54704
57107
3651
23089
5178
5184
5189
8799
5195
9409
55670
8504
5191
93210
5230
5236
5238
1911
5251
5253
51317
23469
84295
23133
55023
5257
5261
7262
5264
5277
23556
84720
284098
5290
5296
65018
23396
5306
5308
5309
5310
5311
8398
5325
23236
57449
5351
5352
8985
5354
5373
5376
5395
4860
23126
5424
5426
5429
27343
51082
51371
29954
5447
64840
5479
55607
5528
5538
10084
768206
93166
9581
10216
51422
5071
5626
5644
29968
23362
170680
5723
5727
139411
5728
5744
5781
374462
5805
5813
7837
5831
5860
5873
9364
116442
22930
25782
11159
5889
5892
5894
5896
5897
10743
57148
57038
5921
30062
5925
9821
5932
5949
1827
5962
5649
5979
54463
222546
22999
54453
54101
55005
6023
10535
165918
140545
6091
64221
79641
4920
6102
57096
22895
6134
6138
6218
6223
6229
6231
6197
6247
89765
345895
343637
25914
861
122042
6261
6262
26278
6299
57167
54809
23314
81846
950
91179
6323
6324
6326
6331
6334
10806
644096
54949
6390
6391
6392
93517
284904
10483
7979
10371
51091
84947
5265
5269
8710
5054
5176
26040
9739
29072
55209
10262
6445
6448
25970
4068
79628
50944
22941
85358
6469
8036
57477
6476
8778
64374
6492
25942
6495
6496
51804
4990
6497
6557
6559
284111
387700
6567
26503
246213
9389
5002
9187
6576
8604
10165
60386
6513
81031
55532
6569
10568
7355
55343
23169
2542
92745
146167
6519
57282
113278
6523
6529
348932
6531
6532
6535
9056
11136
10479
57152
4087
4088
4089
6595
6597
6598
8243
64093
64094
6611
9342
91380
338427
338429
347686
319103
692053
6638
8926
55084
6651
6654
50964
6663
6664
6657
6660
30812
6683
55812
10290
23013
51324
6687
11005
6694
161742
10847
6716
27286
6736
6768
8869
6772
6491
6794
161497
412
3703
10273
8676
6812
8802
285362
11198
6834
23512
6853
163183
8831
6855
255928
23118
4070
6884
6873
23435
128637
9779
6905
79718
10716
6899
6909
57057
50945
6926
9496
6910
6938
6942
6925
6934
10312
6948
6949
79600
79867
6997
55775
9895
7007
7015
122046
7021
7036
7046
7048
7050
7051
9333
7067
81789
1678
9414
30012
11322
147138
54499
55654
65084
79583
65062
79188
91147
55217
64699
164656
4982
7137
7138
7139
23112
7157
8626
7161
27010
7168
7173
286262
23430
7109
6399
83696
10345
7201
23321
22954
4591
7204
11078
9320
9325
93587
55687
4308
7227
8295
7248
7249
80746
283989
7102
54084
54902
79809
9652
57217
123016
23093
7273
7846
10381
10382
85378
7284
7291
117581
1890
7305
7306
7319
29089
7337
89910
254048
197131
54346
51733
26019
65109
7390
10083
124590
7399
8239
57654
6845
51481
7422
7428
7436
23230
157680
10311
137492
55275
51322
51057
57539
11152
284403
256764
7466
25861
7476
55135
7486
51741
7498
331
7503
7507
7508
63929
64131
10413
91746
7531
10472
9841
55906
158866
9839
23503
7545
7546
7547
84107
23619
9203
10771
84225
7700
9422
55628
7592
58499
641339
7552
347344
55055
