10000
10006
10018
10019
10049
100506658
10075
10082
10083
10084
1009
10128
1013
10157
10159
10161
10165
1019
1021
10215
10216
10243
10262
1027
10272
10273
1028
1029
10290
10295
1031
10311
10312
10320
10342
10345
10371
10381
10382
10397
10413
1045
10472
10479
10483
10491
10499
1050
10529
1053
10535
10555
10564
10568
10655
10660
10664
10667
10682
10716
10717
10718
10721
1073
10735
10743
10747
10749
10765
10771
10787
1080
10804
10806
10841
10847
10892
10962
10984
11005
11020
1103
11043
1106
11064
11078
1108
11081
11093
11116
11122
11136
11141
11146
11151
11152
11154
11159
11168
11197
11198
1120
11200
1121
112752
11279
11285
1130
1131
11315
11322
113278
1139
114783
114879
116028
1161
116228
116442
116444
116449
117155
117581
1183
1184
118429
1187
1188
1201
121227
1213
121512
122042
122046
123016
123263
123606
123803
123872
124454
124512
124540
124583
124590
124989
125336
1258
126326
126410
126792
1272
1277
1278
1280
1281
1285
128637
1287
1289
128954
129563
1297
1298
129880
1301
1307
1316
132884
1340
134218
1352
1355
1356
136259
136647
1369
1373
1374
137492
138050
1385
1387
139285
1394
139411
1399
140545
1411
1415
1420
1438
1439
1441
146059
146167
146183
147138
147372
147409
1476
1482
148738
148789
1491
1497
1499
1508
1523
152330
1528
153562
1536
1540
154288
154881
157570
157657
157680
158
158326
158866
1589
1591
1593
16
161497
1616
1617
161725
161742
1621
162699
1629
163183
1639
164045
1641
1643
164656
1649
1650
1654
1655
1656
165918
1662
166379
166785
1675
167691
1678
168667
169522
169792
170302
170680
170691
170692
171017
171023
1716
1717
1723
1736
1740
1741
1745
1746
1749
175
1750
1756
1758
1767
1773
1785
1788
1798
18
1804
1806
1807
1816
182
1824
1825
1826
1827
1829
183
1834
1859
186
1879
189
1890
1896
190
191
1910
1911
192666
1947
1956
1959
196528
1967
197131
197322
1974
1993
2000
2002
2005
2006
201163
2020
2022
2027
203286
2033
2034
2038
204219
2055
2059
2060
2064
2065
2066
2067
2068
207
2070
2071
2072
2073
2077
2078
208
2099
210
2109
2110
2115
2118
2119
2120
2122
2130
2131
2132
2138
2146
215
2153
2155
2157
2158
2159
2162
2165
2175
2176
2177
2178
2181
2182
2184
2187
2188
2189
2195
219844
220
2200
220082
220136
2203
2213
221927
222546
224
2242
2245
2248
2255
226
2260
2261
2262
2263
2264
2271
2272
22852
22856
22866
22871
22895
22897
2290
22909
22926
22930
2294
22941
22948
22954
2296
22978
22999
2301
23013
2303
2304
23040
2308
23085
23086
23089
2309
23092
23093
23096
23112
23118
2312
23126
2313
23133
23135
23152
2316
23169
2317
2318
23181
23189
23204
23209
2322
23230
23236
2324
23245
23261
2327
23291
23312
23314
2332
23321
2334
23362
23363
23365
23373
23389
23394
23396
23400
23405
23417
23426
23430
23435
23451
23462
23469
23476
2348
23503
23512
23522
23529
23545
23556
23562
23592
23594
23598
23619
23624
23639
23765
238
2395
24140
246213
2475
2488
25
2512
2516
2521
2531
253827
254048
254065
2542
2548
254827
2554
255738
255928
256076
2562
256471
2566
256646
256764
25782
25793
2581
25821
25836
25839
2584
25861
2587
2588
2591
25913
25914
2592
25925
259266
2593
25937
25942
25961
25970
25974
26013
26019
26039
26040
26047
26053
26058
26090
26128
261734
2623
2624
2625
2626
2627
26278
2629
2632
2639
2643
26503
26504
26524
2653
2658
26585
2664
2671
268
2683
26960
2697
27
27010
27019
2702
2703
27034
27044
2706
27077
27086
2710
27125
2717
27185
2719
2720
27235
27245
27249
27255
27286
2731
27329
27343
2736
2737
274
2743
27436
2752
2767
2773
2776
2778
2782
2796
2799
2812
2819
283120
283149
283310
283489
283989
284058
284098
284111
284217
284403
284904
28514
285362
285440
285489
286262
286530
287
2879
2887
2892
2894
28962
2898
29
2903
2904
29072
29089
29102
2911
29119
29123
29126
2916
2956
2969
29760
2984
29899
2990
29926
29929
29940
29954
29968
2998
30012
30062
3008
3020
3021
3028
3039
3040
3074
3077
30812
3082
3084
3091
3092
3097
3105
3110
3131
3141
3145
3159
3169
3181
3190
319103
3195
3205
3207
3209
3227
3229
3235
3237
3239
324
3248
3251
3257
3265
326625
3293
3295
330
331
3320
3326
3337
3339
3347
338
338328
338427
338429
339829
339983
34
340419
340533
3417
3418
3423
3425
343637
344
344191
344561
345275
345895
346007
347344
347686
3480
3481
3482
348654
348932
3492
3508
351
3535
3543
355
3551
3558
3559
3572
3575
3587
36
3612
3630
3646
3651
3662
3664
367
3675
3689
3690
37
3702
3703
3716
3717
3718
372
3720
3725
3730
3735
374291
374462
374654
3757
375748
375790
3758
3762
3784
3785
3791
3799
3814
3815
3817
383
3832
3845
387
387700
388389
388939
389207
389434
3895
3897
3899
390445
3908
3909
3918
3920
3927
3930
3932
3938
3953
3954
3955
3977
3981
3984
3988
399
3998
4000
4001
4004
4005
4010
401541
4026
4036
4043
404672
4047
405
4066
4068
4070
4072
4087
4088
4089
4094
410
412
4125
4128
4137
414
4148
4149
415
4158
4166
4193
4194
4204
4208
4210
4214
4221
4232
4233
4256
4261
427
4281
4286
4291
4292
4297
4298
4299
4300
4301
4302
4303
4306
4308
4330
4338
4343
435
4352
43849
440435
443
4436
4437
444
4478
4487
4507
4515
4524
4534
4547
4548
4552
4582
4591
4594
4595
4602
4607
4609
4610
4613
4615
4625
4627
4628
4629
463
4633
4634
4638
4643
4644
4645
4654
466
4665
4683
4688
4689
4692
4693
4694
4705
4709
471
472
4723
4724
4726
4728
4729
4739
4747
4750
476
4763
4771
4773
4774
4780
4781
4791
4794
4810
4826
4838
4841
4849
4851
4853
4860
4864
4867
4868
4869
487
4885
4893
4913
4914
4916
492
4920
4921
4926
4928
4942
4948
4952
4982
4983
4990
5000
5002
5009
5015
5019
5048
5049
5053
5054
50615
50617
5062
5063
50649
5071
5075
5076
5077
5079
5080
50802
5081
50814
5083
5087
5091
50944
50945
5095
50964
51
5101
51010
51057
5108
51082
51091
51103
51119
51135
51168
51176
51181
5119
51199
51200
51206
5130
51305
51317
51322
51324
51366
51371
51422
5144
5146
51475
51481
5155
5156
5159
51592
51594
5160
5167
51684
51733
51741
51755
5176
51761
5178
51804
51816
5184
5187
5189
5191
5195
5230
5236
5238
5251
5253
5257
5261
5264
5265
5269
5277
529
5290
5291
5292
5295
5296
5306
5308
5309
5310
5311
5324
5325
53335
5335
53353
5351
5352
5354
5371
5373
5376
538
53834
53904
53947
5395
5396
54
540
54084
54101
5424
5426
5429
54344
54346
54413
54453
54463
5447
54499
545
5450
54551
546
5460
5468
547
54704
54738
5479
54790
54806
54808
54809
54820
54855
54880
54894
54897
54902
54904
54928
54943
54949
55005
55023
55033
55036
55055
55084
55112
55135
55157
5518
55180
55193
55209
55212
55215
55217
55252
55275
5528
55294
55343
5537
5538
55384
554
55422
5546
55500
5551
55532
55572
55607
55628
55636
55640
55651
55654
5566
55670
55687
5573
55750
55755
55768
55775
55777
55780
55812
55835
55869
55870
55906
5594
55998
5604
5605
56052
5626
5644
5649
56623
567
56922
56975
57007
57010
57038
57057
57061
57082
57094
57096
57107
57120
57148
57152
57167
57194
57217
5723
5727
5728
57282
57379
5744
57449
57459
57477
57492
57505
57514
57526
5753
57539
57545
57591
57654
57674
57679
57680
57704
57798
5781
57820
5783
5787
5788
579
5796
580
5805
581
5813
5831
58499
58508
5860
5873
5879
5885
5889
5890
5892
5894
5896
5897
59
590
5903
5910
5914
5921
5925
59269
5927
5932
594
5949
595
596
5962
5966
5979
5987
60
602
6023
60386
604
60495
605
60506
60529
607
608
6091
6098
6102
6125
613
6134
6138
6146
617
6184
6197
6218
6223
6229
6231
6247
6249
6261
6262
6299
63035
6323
6324
6326
6331
6334
6385
6389
639
6390
6391
6392
63924
63929
63976
6399
64072
64093
64094
641
64109
64131
641339
6416
64175
6418
6421
64221
6424
64240
64241
6427
6428
64324
64327
64374
644096
64421
64446
6445
64478
6448
6453
6455
6468
6469
64699
6476
64764
64783
64784
64789
64816
64840
6491
64919
6492
6495
6496
6497
65018
65057
65062
65084
65109
6513
6519
65217
6523
65250
6529
6531
6532
653361
6535
6557
6559
6567
6569
657
6576
659
6595
6597
6598
6602
6605
6608
6611
6638
6651
6654
6657
6660
6663
6664
668
6683
6687
6694
670
6714
6716
672
673
6736
675
6756
6757
6759
6760
6768
6772
6774
6777
6778
6792
6794
6801
6812
6833
6834
6845
6850
6853
6855
686
6873
6884
6886
6887
6899
6900
6905
6909
6910
6917
692053
6925
6926
6927
6928
6929
6934
6938
694
6942
6948
6949
695
6955
6957
6964
6997
70
7007
701
7015
7021
7026
7030
7036
7046
7048
7050
7051
7067
7080
7102
7109
7113
7128
713
7137
7138
7139
7150
7157
7161
7168
7170
7171
7173
7175
7201
7204
7227
7248
7249
7253
7262
7273
728130
728294
7284
7290
7291
729262
729920
7305
7306
7307
7319
7337
7355
7390
7399
7401
7403
7422
7428
7430
7436
7454
7466
7468
7469
7476
7486
7490
7498
7503
7507
7508
7514
7531
7545
7546
7547
7552
7555
7592
763
767
768206
7700
7704
771
773
775
7750
776
779
7809
7837
7840
7846
7849
7852
78989
79058
79083
79087
79092
7913
79133
79145
7915
79152
79188
7942
79443
7957
79577
79583
79600
79628
79633
79641
79648
79659
79695
79718
79719
79728
7979
79809
79813
79827
79848
79867
7994
8013
80155
80169
80184
8019
80204
8021
8022
80243
80270
8028
8029
8030
80304
8031
80312
8036
80380
8050
80746
80816
80821
8085
8091
81031
811
8115
8139
8148
815
816
81608
81614
81620
81693
81704
8178
81789
81846
8192
8195
8200
8216
8218
8233
8239
8241
8242
8243
825
8289
8292
8294
8295
8301
8312
8313
8314
8322
833
83417
83473
83552
8358
83636
83696
83700
83715
83737
8398
83987
83990
8405
84059
841
84100
84107
84131
84140
84142
84163
84225
84231
84295
843
84342
84343
84376
8443
84433
84441
845
8450
84529
84559
846
84693
8471
84720
8481
84870
8493
84947
8496
84976
84987
8504
8517
8522
8526
85300
85358
85365
85378
85414
85440
85476
8604
861
862
8626
863
8642
8647
8648
865
8651
8659
867
8676
868
8688
8701
8710
8738
875
8754
8764
8772
8777
8778
8788
8799
8802
8805
8813
8831
8838
8869
8880
8891
8898
8905
8915
8926
8929
894
896
89765
898
8985
89884
89910
90
90167
90411
9056
90624
9077
9083
9085
90957
9098
90993
9101
9113
91147
91179
9135
91380
915
9150
916
91647
917
91746
9175
91851
9187
91942
91949
92
9203
9215
92211
9227
9228
92344
9241
925
9255
92579
9258
92745
9289
930
9314
93166
9320
9321
93210
9325
9333
9342
9343
93517
93587
9364
93664
9378
9380
9381
9382
9389
939
93986
94
9401
9409
9414
9419
9422
9444
9451
9459
948
9496
950
9509
9516
9531
9557
9563
9569
9578
9581
9582
959
9611
9612
9626
9652
9659
966
9663
9708
9709
9719
972
973
9739
974
9742
9757
9759
9774
9775
9779
9817
9821
9829
9839
9841
987
9895
9914
9927
9935
9950
9968
999
Entrez GeneId
Gene ID
